26.01262879371643
713650935
1278659244
3894492567
3847179943
7857241282
6190494091
10246153949
7171824210
10324647773
6732887990
8745982617
5448924011
6531492718
3945792471
4430339618
2619809733
2785015690
1622081372
1645736781
948085467
923739925
528040102
496512243
282259399
257145370
145604986
128928891
72817934
62852238
35437997
29902286
16833084
13904005
7831614
6335748
3566259
2837870
1599739
1250764
704741
541574
305768
232099
131159
98127
55575
41077
23308
17121
9693
6887
4094
2842
1610
1176
687
474
266
198
106
80
44
19
13
9
6
6
4
1
0
0
0
0
0
0
0
