3.002868175506592
71377982
127867589
389493643
384730259
785744310
619061701
1024621815
717209148
1032528082
673266556
874653407
544899710
653128191
394577117
443066889
261998434
278491603
162209005
164574137
94786462
92378079
52816521
49658413
28226929
25713964
14564556
12888362
7285169
6281866
3544805
2990683
1682867
1389539
783629
635101
355086
284065
160075
125773
70393
54148
30600
23288
13058
9694
5590
4062
2367
1776
969
684
381
303
153
120
81
45
28
19
12
9
2
2
1
4
1
0
0
0
0
0
0
0
0
0
0
