1.0002176761627197
7133401
12783303
38946399
38472923
78573902
61908414
102461162
71733638
103247718
67332090
87458498
54490785
65304897
39451584
44306838
26190844
27850237
16225473
16454898
9485456
9232766
5277007
4966821
2822886
2571296
1454756
1289819
728609
628008
353204
298594
168251
139415
78276
63287
35952
28344
15942
12548
7066
5399
2970
2368
1340
976
573
421
229
161
87
63
45
21
19
11
3
4
2
0
1
0
0
0
0
0
0
0
0
0
0
0
0
0
0
0
0
