260.11095428466797
7136346233
12786456280
38945917945
38471830217
78572471911
61905099120
102462137295
71717792252
103246480722
67327615261
87459451581
54488995774
65314848397
39458125335
44303762593
26197999522
27850527033
16220593988
16456948702
9481106966
9237374431
5280512198
4965073294
2822586228
2571248215
1456090949
1289422002
728131085
628573643
354385080
298873831
168351510
139011360
78278766
63378144
35683164
28389294
15986831
12513383
7051522
5430629
3061563
2326965
1314934
984273
556902
410955
232798
170990
96523
69652
39378
28651
16427
11451
6531
4535
2587
1859
1056
695
402
284
147
108
52
38
33
14
6
5
2
5
0
1
4
